6.635866e+00
5.926650e+00
5.455151e+00
5.088817e+00
4.312710e+00
5.255390e+00
4.689556e+00
5.161524e+00
6.015920e+00
5.433674e+00
3.476493e+00
6.488024e+00
5.539414e+00
5.758824e+00
5.013970e+00
5.600968e+00
6.791230e+00
5.777956e+00
4.660427e+00
3.675572e+00
5.476460e+00
7.031116e+00
4.540104e+00
6.442333e+00
4.019390e+00
5.088817e+00
2.840496e+00
5.700650e+00
5.580600e+00
5.720173e+00
4.278207e+00
5.815846e+00
4.413041e+00
7.132662e+00
6.348952e+00
5.088817e+00
5.796963e+00
4.058415e+00
6.085475e+00
4.746751e+00
6.252741e+00
4.278207e+00
5.113283e+00
4.570781e+00
4.096704e+00
1.240701e+00
4.830044e+00
6.220004e+00
6.926548e+00
6.966130e+00
7.612684e+00
5.518589e+00
5.368201e+00
6.426957e+00
5.476460e+00
4.096704e+00
4.207479e+00
4.774839e+00
5.039167e+00
4.884016e+00
5.039167e+00
5.680992e+00
6.621377e+00
2.759294e+00
5.980532e+00
4.477474e+00
3.578801e+00
5.871771e+00
4.830044e+00
5.518589e+00
6.119663e+00
3.811827e+00
4.936820e+00
4.910560e+00
3.675572e+00
5.497605e+00
4.445491e+00
6.170242e+00
4.346669e+00
5.088817e+00
5.255390e+00
2.373376e+00
5.739563e+00
5.700650e+00
5.113283e+00
6.664655e+00
6.203505e+00
9.018013e+00
2.373376e+00
5.580600e+00
6.033460e+00
3.476493e+00
6.859556e+00
7.634591e+00
4.660427e+00
5.390202e+00
5.661198e+00
6.518132e+00
7.120127e+00
4.413041e+00
7.678032e+00
6.380383e+00
6.170242e+00
5.518589e+00
4.601052e+00
6.411508e+00
6.301214e+00
4.601052e+00
6.693198e+00
2.840496e+00
5.621188e+00
4.962804e+00
6.317207e+00
3.367781e+00
6.791230e+00
5.113283e+00
5.346018e+00
7.351144e+00
3.855146e+00
5.476460e+00
4.312710e+00
5.815846e+00
4.962804e+00
5.871771e+00
5.161524e+00
3.578801e+00
4.857180e+00
4.570781e+00
3.126371e+00
4.774839e+00
5.621188e+00
4.134291e+00
5.661198e+00
4.830044e+00
6.952986e+00
4.243138e+00
4.857180e+00
5.853248e+00
5.208880e+00
3.126371e+00
5.255390e+00
5.944719e+00
3.367781e+00
7.145154e+00
3.310689e+00
4.689556e+00
5.208880e+00
6.285139e+00
5.815846e+00
7.082253e+00
4.019390e+00
6.621377e+00
8.751910e+00
5.455151e+00
4.857180e+00
4.774839e+00
6.763510e+00
5.161524e+00
5.871771e+00
5.346018e+00
4.096704e+00
5.455151e+00
5.013970e+00
7.243550e+00
3.855146e+00
5.208880e+00
4.509007e+00
5.433674e+00
6.317207e+00
4.802600e+00
6.472865e+00
3.979591e+00
5.661198e+00
8.633968e+00
4.134291e+00
5.185310e+00
5.208880e+00
5.700650e+00
4.774839e+00
6.364707e+00
5.661198e+00
4.689556e+00
4.278207e+00
4.689556e+00
3.190192e+00
4.802600e+00
5.497605e+00
5.278340e+00
4.346669e+00
5.064113e+00
5.777956e+00
6.136616e+00
4.413041e+00
5.255390e+00
3.675572e+00
5.815846e+00
6.301214e+00
4.857180e+00
4.278207e+00
8.019028e+00
6.364707e+00
4.689556e+00
5.980532e+00
6.592208e+00
5.433674e+00
4.857180e+00
4.278207e+00
4.884016e+00
5.278340e+00
5.064113e+00
4.171206e+00
5.680992e+00
5.064113e+00
4.096704e+00
6.846000e+00
6.153474e+00
7.018215e+00
7.182369e+00
4.346669e+00
5.278340e+00
4.445491e+00
2.990266e+00
5.232239e+00
6.606825e+00
5.600968e+00
4.746751e+00
5.621188e+00
4.988518e+00
5.161524e+00
5.580600e+00
5.039167e+00
5.580600e+00
4.660427e+00
5.871771e+00
4.477474e+00
5.621188e+00
5.739563e+00
6.380383e+00
3.855146e+00
5.853248e+00
4.689556e+00
5.641264e+00
3.675572e+00
4.540104e+00
4.774839e+00
4.910560e+00
4.718327e+00
4.278207e+00
3.722103e+00
4.746751e+00
3.767499e+00
3.897514e+00
2.673009e+00
2.840496e+00
